%YAML:1.0
---
model_type: PINHOLE
camera_name: camera
image_width: 640
image_height: 400
distortion_parameters:
   k1: 0.0
   k2: 0.0
   p1: 0.0
   p2: 0.0
projection_parameters:
   fx: 164.44932556152344
   fy: 237.1745147705078
   cx: 306.5543560585447
   cy: 196.36921929000255
